(10,[0.5317020826804549,0.15348383755808157,0.3148140797614634])
(4,[0.5195790368843235,0.14691432718021605,0.33350663593546054])
(11,[0.04045182137835253,0.9001121648890971,0.05943601373255042])
(0,[0.2696250776673324,0.2077701455137909,0.5226047768188766])
(1,[0.3559427607707605,0.16906677354389965,0.47499046568533987])
(6,[0.35631409256178537,0.3853580514505775,0.25832785598763724])
(3,[0.3584257478891657,0.3701035958992409,0.2714706562115935])
(8,[0.4353738859024058,0.06702716984078802,0.49759894425680606])
(9,[0.3452189277368006,0.0839437174705215,0.570837354792678])
(7,[0.5264205346372186,0.15958584687380598,0.31399361848897533])
(5,[0.410136337622621,0.047146347276521665,0.5427173151008574])
(2,[0.5033653202345171,0.025960313011944913,0.4706743667535379])
