(14,[0.3283109729590253,0.33658220969138103,0.3351068173495938])
(11,[0.3312650518744177,0.33263074133551584,0.33610420679006653])
(24,[0.3165745444042198,0.31379202242260623,0.369633433173174])
(17,[0.2808240737427506,0.3097699591469377,0.40940596711031174])
(12,[0.3150343300617867,0.31548299401984037,0.3694826759183729])
(1,[0.3641825492519844,0.3199587578864102,0.3158586928616054])
(21,[0.3447000120798995,0.33369713269293794,0.3216028552271625])
(77,[0.31987092322992905,0.32713772700331173,0.3529913497667592])
(22,[0.34844861140793776,0.3340768598422587,0.31747452874980353])
(40,[0.3336839359794233,0.3308412831773629,0.33547478084321386])
(58,[0.33402112077515644,0.3346925239910358,0.3312863552338078])
(79,[0.3665989964152307,0.33493509234946534,0.298465911235304])
(30,[0.31430840715970276,0.32475302968587644,0.36093856315442086])
(72,[0.33147668138419634,0.3351795899857349,0.3333437286300687])
(9,[0.33484244214061865,0.33282538106387016,0.33233217679551114])
(78,[0.35442791771945037,0.3358417115542145,0.3097303707263351])
(76,[0.3429808842338078,0.32642970030402635,0.3305894154621659])
(73,[0.3287704125347555,0.3416779302119035,0.32955165725334107])
(8,[0.366043209537766,0.32215105144742345,0.31180573901481057])
(7,[0.350521564036935,0.3234138778548231,0.32606455810824186])
(34,[0.3166548940513795,0.3435790254772593,0.3397660804713613])
(4,[0.3341348133084434,0.3089956539179152,0.3568695327736415])
(74,[0.30886002227083437,0.32512266235397136,0.36601731537519433])
(53,[0.3277029079785287,0.33624090027625797,0.33605619174521334])
(46,[0.33482690428462175,0.33779376952495344,0.32737932619042476])
(33,[0.3185748902058608,0.3291281402993259,0.35229696949481326])
(23,[0.3227969860739893,0.35644565604203504,0.32075735788397564])
(69,[0.36593004162565057,0.32506541042074283,0.3090045479536065])
(3,[0.31768051590055957,0.32559597154804454,0.3567235125513959])
(26,[0.34847698264903954,0.35097635691291335,0.3005466604380471])
(52,[0.31555700296579536,0.32045158289437886,0.3639914141398258])
(16,[0.30898309848123146,0.32359243958986106,0.36742446192890754])
(54,[0.3427270650794487,0.3445204984611379,0.3127524364594134])
(64,[0.3309373338974457,0.3380695694470597,0.3309930966554947])
(51,[0.33237874973427367,0.33737475414119006,0.3302464961245363])
(70,[0.3113728370974803,0.3642058665253465,0.32442129637717315])
(10,[0.3328785095944579,0.338672231137161,0.328449259268381])
(43,[0.30911388924887206,0.3249636366054215,0.36592247414570656])
(27,[0.3428709530732715,0.3149473698100308,0.34218167711669767])
(0,[0.35855318181630785,0.34618699080053644,0.2952598273831557])
(42,[0.31327192420004935,0.3117000719764705,0.3750280038234803])
(39,[0.3063114311087799,0.3266567155188956,0.3670318533723246])
(19,[0.3339645877628231,0.3510952893772187,0.3149401228599581])
(71,[0.3263920196731091,0.34018226723905237,0.33342571308783847])
(66,[0.30829411293329345,0.32311310185682296,0.3685927852098836])
(37,[0.3240688745858246,0.35065594556702756,0.32527517984714777])
(63,[0.3350504353557977,0.33419416476817637,0.3307553998760258])
(38,[0.33552143714176513,0.33458139927184655,0.3298971635863884])
(59,[0.3226630691177765,0.3207373940873989,0.3565995367948247])
(31,[0.3327847986862346,0.3266730126530029,0.34054218866076247])
(28,[0.31997496167904793,0.3276066158380998,0.3524184224828523])
(29,[0.3144930060242994,0.3700315144376721,0.3154754795380285])
(57,[0.34299317905581583,0.32699103019852943,0.33001579074565474])
(49,[0.3285808163574069,0.33515069086548294,0.3362684927771102])
(56,[0.3340016849098313,0.33885444083367633,0.3271438742564925])
(15,[0.38989519883574736,0.30610463564282947,0.3040001655214232])
(32,[0.3187849674349852,0.32076883540277196,0.36044619716224285])
(44,[0.3216761139437805,0.3478261483522406,0.330497737703979])
(65,[0.330865195660546,0.3343720586251951,0.33476274571425885])
(35,[0.344089872966554,0.32665996029987326,0.3292501667335727])
(18,[0.32872591256248584,0.34202391524123715,0.32925017219627695])
(20,[0.36519905416183934,0.3180660332220949,0.3167349126160657])
(41,[0.33927449564750234,0.3322776789613181,0.3284478253911795])
(25,[0.3381039290863494,0.3375893525606996,0.324306718352951])
(62,[0.33171202349093515,0.3379715139148767,0.3303164625941883])
(6,[0.34025637886379956,0.3249782447978877,0.3347653763383126])
(60,[0.3156837567519882,0.32669071905004743,0.3576255241979644])
(2,[0.3539090059867907,0.32744538046522903,0.3186456135479802])
(13,[0.33572029754204746,0.33887887020088275,0.32540083225706984])
(5,[0.3211447332566686,0.36144801575867036,0.3174072509846611])
(55,[0.31122983394986525,0.33347445072157933,0.3552957153285554])
(67,[0.3272293830210947,0.33000237770454405,0.3427682392743612])
(50,[0.3319872571684243,0.33366007187324187,0.3343526709583339])
(36,[0.32668636495147985,0.33675341907255346,0.33656021597596664])
(75,[0.32509760002088667,0.3258418706037074,0.34906052937540594])
(45,[0.3076540274848006,0.3627491923121677,0.32959678020303174])
(61,[0.3299806327885577,0.3215740677739928,0.3484452994374496])
(47,[0.348907368212274,0.35045554746648966,0.3006370843212363])
(48,[0.32536438826245884,0.3436216640951118,0.33101394764242936])
(68,[0.3342525792364461,0.33582283388200873,0.32992458688154525])
