(-0.4046511627906977,-1.0)
(-0.8596491228070176,-1.0)
(0.8867924528301887,1.0)
(0.8867924528301887,-1.0)
(-0.9646017699115044,-1.0)
(-0.9646017699115044,-1.0)
(-0.9646017699115044,-1.0)
(-0.9646017699115044,-1.0)
(-0.4046511627906977,-1.0)
(-0.9646017699115044,-1.0)
(-0.4046511627906977,-1.0)
(-0.9646017699115044,-1.0)
(-0.9646017699115044,-1.0)
(-1.0,-1.0)
(-0.9646017699115044,-1.0)
(-0.4046511627906977,-1.0)
(-0.9646017699115044,-1.0)
(-0.8596491228070176,-1.0)
(-0.8596491228070176,-1.0)
(0.07894736842105263,1.0)
(-0.4046511627906977,-1.0)
(-0.9646017699115044,-1.0)
(0.40298507462686567,-1.0)
(-0.9646017699115044,-1.0)
(-0.4046511627906977,-1.0)
(0.40298507462686567,-1.0)
(-0.4046511627906977,1.0)
(-0.9646017699115044,-1.0)
(0.2972972972972973,1.0)
(-0.8596491228070176,-1.0)
(-0.9646017699115044,-1.0)
(-0.9646017699115044,-1.0)
(-0.9646017699115044,-1.0)
(1.0,1.0)
(-0.4046511627906977,1.0)
(-0.9646017699115044,-1.0)
(-0.9646017699115044,-1.0)
(0.0,-1.0)
(-0.4046511627906977,-1.0)
(-0.9646017699115044,-1.0)
(0.2972972972972973,1.0)
(-0.9646017699115044,-1.0)
(-0.9646017699115044,-1.0)
(-0.9646017699115044,-1.0)
(-0.9646017699115044,-1.0)
(-0.9646017699115044,-1.0)
(-0.8596491228070176,-1.0)
(-0.4046511627906977,-1.0)
(-0.4046511627906977,-1.0)
(0.40298507462686567,-1.0)
(-0.8596491228070176,-1.0)
(-0.9646017699115044,-1.0)
(0.40298507462686567,-1.0)
(-0.9646017699115044,-1.0)
(-1.0,-1.0)
(-0.4046511627906977,-1.0)
(-0.4046511627906977,-1.0)
(-0.4046511627906977,-1.0)
(-0.4046511627906977,1.0)
(0.07894736842105263,-1.0)
(1.0,1.0)
(-0.4046511627906977,1.0)
(-0.9646017699115044,-1.0)
(-0.4046511627906977,-1.0)
(-0.9646017699115044,-1.0)
(-0.9646017699115044,-1.0)
(0.40298507462686567,-1.0)
(-0.3333333333333333,-1.0)
(-0.9646017699115044,-1.0)
(-0.9646017699115044,-1.0)
(-0.8596491228070176,-1.0)
(0.2972972972972973,1.0)
(0.2972972972972973,1.0)
(-0.9646017699115044,-1.0)
(-0.9646017699115044,-1.0)
(-0.8596491228070176,-1.0)
(-0.4046511627906977,-1.0)
(-0.4046511627906977,1.0)
(-0.9646017699115044,-1.0)
(1.0,1.0)
(-0.9646017699115044,-1.0)
(-0.9646017699115044,-1.0)
(0.07894736842105263,1.0)
(-0.9646017699115044,-1.0)
(0.8867924528301887,1.0)
(0.2972972972972973,1.0)
(0.8867924528301887,1.0)
(-0.9646017699115044,-1.0)
(-0.8596491228070176,-1.0)
(-0.4046511627906977,-1.0)
(-0.8596491228070176,-1.0)
(-0.4046511627906977,-1.0)
(-0.8596491228070176,-1.0)
(-0.4046511627906977,-1.0)
(-0.9646017699115044,-1.0)
(-0.9646017699115044,1.0)
(0.40298507462686567,-1.0)
(0.07894736842105263,-1.0)
(-0.9646017699115044,-1.0)
(-0.9646017699115044,-1.0)
(0.07894736842105263,-1.0)
(-0.4046511627906977,-1.0)
(-0.4046511627906977,-1.0)
(-1.0,-1.0)
(0.07894736842105263,-1.0)
(-0.9646017699115044,-1.0)
(-0.9646017699115044,-1.0)
(-0.9646017699115044,-1.0)
(0.40298507462686567,1.0)
(0.07894736842105263,1.0)
(-0.9646017699115044,-1.0)
(-0.9646017699115044,-1.0)
(0.40298507462686567,-1.0)
(-0.9646017699115044,-1.0)
(-0.4046511627906977,-1.0)
(-0.9646017699115044,-1.0)
(0.8867924528301887,1.0)
(-0.9646017699115044,-1.0)
(0.0,-1.0)
(-0.9646017699115044,1.0)
(-0.4046511627906977,-1.0)
(-0.4046511627906977,-1.0)
(0.8867924528301887,1.0)
(-0.4166666666666667,-1.0)
(-0.9646017699115044,-1.0)
(-0.9646017699115044,-1.0)
(-0.9646017699115044,-1.0)
(-0.9646017699115044,-1.0)
(-0.8596491228070176,-1.0)
(0.40298507462686567,-1.0)
(0.0,-1.0)
(-0.4046511627906977,-1.0)
(-0.9646017699115044,-1.0)
(-0.9646017699115044,-1.0)
(0.2972972972972973,-1.0)
(-0.4046511627906977,-1.0)
(-0.9646017699115044,-1.0)
(-0.9646017699115044,-1.0)
(0.8867924528301887,1.0)
(-0.4046511627906977,-1.0)
(-0.9646017699115044,-1.0)
(0.2972972972972973,-1.0)
(-0.4046511627906977,-1.0)
(0.07894736842105263,-1.0)
(-0.9646017699115044,-1.0)
(0.40298507462686567,-1.0)
(-0.4046511627906977,-1.0)
(-0.9646017699115044,-1.0)
(-0.6,-1.0)
(-0.9646017699115044,-1.0)
(0.40298507462686567,1.0)
(-0.9646017699115044,-1.0)
(-0.9646017699115044,1.0)
(-0.9646017699115044,-1.0)
(-0.9646017699115044,-1.0)
(-0.8596491228070176,1.0)
(-0.9646017699115044,-1.0)
(-0.9646017699115044,-1.0)
(-0.4046511627906977,1.0)
(0.40298507462686567,1.0)
(-0.4166666666666667,-1.0)
(-0.8596491228070176,-1.0)
(-0.9646017699115044,-1.0)
(-1.0,1.0)
(-0.9646017699115044,-1.0)
(-0.9646017699115044,-1.0)
(1.0,-1.0)
(0.07894736842105263,-1.0)
(-0.9646017699115044,-1.0)
(0.40298507462686567,1.0)
(0.40298507462686567,-1.0)
(-0.4046511627906977,-1.0)
(-1.0,-1.0)
(-0.9646017699115044,-1.0)
(0.40298507462686567,-1.0)
(-0.9646017699115044,-1.0)
(-0.4046511627906977,-1.0)
(-0.9646017699115044,-1.0)
(-0.9646017699115044,-1.0)
(-0.9646017699115044,-1.0)
(-1.0,-1.0)
(-0.4046511627906977,-1.0)
(0.07894736842105263,1.0)
(-0.9646017699115044,-1.0)
(-0.4046511627906977,1.0)
(0.8867924528301887,1.0)
(-0.4046511627906977,-1.0)
(-0.9646017699115044,-1.0)
(-0.4046511627906977,-1.0)
(-0.9646017699115044,-1.0)
(-0.9646017699115044,-1.0)
(-0.9646017699115044,-1.0)
(-0.9646017699115044,-1.0)
(-0.4046511627906977,-1.0)
(-0.9646017699115044,-1.0)
(-0.9646017699115044,-1.0)
(-0.9646017699115044,-1.0)
(-0.9646017699115044,-1.0)
(0.07894736842105263,-1.0)
(-0.9646017699115044,-1.0)
(-0.9646017699115044,-1.0)
(-0.4166666666666667,1.0)
(-0.9646017699115044,-1.0)
(1.0,1.0)
(-0.9646017699115044,-1.0)
(-0.9646017699115044,-1.0)
(-1.0,1.0)
(-1.0,-1.0)
(0.2972972972972973,-1.0)
(-1.0,-1.0)
(-0.9646017699115044,-1.0)
(-0.9646017699115044,-1.0)
(-0.4046511627906977,-1.0)
(0.8867924528301887,1.0)
(0.8867924528301887,-1.0)
(-0.4046511627906977,1.0)
(0.40298507462686567,-1.0)
(0.40298507462686567,-1.0)
(0.8867924528301887,1.0)
(-0.4046511627906977,-1.0)
(-0.9646017699115044,-1.0)
(-0.9646017699115044,-1.0)
(-0.9646017699115044,-1.0)
(1.0,-1.0)
(1.0,1.0)
(0.8867924528301887,-1.0)
(0.40298507462686567,1.0)
(-0.9646017699115044,-1.0)
(-0.9646017699115044,1.0)
(-0.9646017699115044,-1.0)
(-0.4046511627906977,1.0)
(-0.9646017699115044,-1.0)
(-0.9646017699115044,-1.0)
(-0.9646017699115044,-1.0)
(0.40298507462686567,1.0)
(1.0,-1.0)
(-0.9646017699115044,-1.0)
(-0.9646017699115044,-1.0)
(1.0,1.0)
(-1.0,-1.0)
(-0.4046511627906977,-1.0)
(-0.9646017699115044,-1.0)
(-0.9646017699115044,-1.0)
(-0.8596491228070176,-1.0)
(-0.4166666666666667,1.0)
(-0.9646017699115044,-1.0)
(-0.9646017699115044,-1.0)
(-0.4046511627906977,-1.0)
(-0.8596491228070176,-1.0)
(-1.0,-1.0)
(0.07894736842105263,1.0)
(-0.9646017699115044,-1.0)
(-0.9646017699115044,-1.0)
(-0.9646017699115044,-1.0)
(-1.0,-1.0)
(-0.14285714285714285,-1.0)
(-0.4046511627906977,1.0)
(0.40298507462686567,1.0)
(-0.9646017699115044,-1.0)
(-0.8596491228070176,-1.0)
(-0.9646017699115044,-1.0)
(-0.8596491228070176,-1.0)
(-0.4046511627906977,1.0)
(-0.9646017699115044,-1.0)
(-0.9646017699115044,-1.0)
(-0.9646017699115044,-1.0)
(-0.8596491228070176,-1.0)
(-0.9646017699115044,-1.0)
(-0.8596491228070176,-1.0)
(0.07894736842105263,1.0)
(-0.8596491228070176,-1.0)
(-0.9646017699115044,-1.0)
(-0.9646017699115044,-1.0)
(-0.9646017699115044,-1.0)
(-0.9646017699115044,-1.0)
(-0.9646017699115044,-1.0)
(-0.9646017699115044,-1.0)
(-0.9646017699115044,-1.0)
(-0.4046511627906977,-1.0)
(-0.9646017699115044,-1.0)
(-0.9646017699115044,-1.0)
(-0.9646017699115044,-1.0)
(-0.4046511627906977,-1.0)
(0.2972972972972973,-1.0)
(-0.9646017699115044,-1.0)
(-0.9646017699115044,-1.0)
(-0.9646017699115044,-1.0)
(-0.9646017699115044,-1.0)
(-0.4046511627906977,1.0)
(-0.9646017699115044,-1.0)
(0.40298507462686567,-1.0)
(-0.4046511627906977,1.0)
(-0.9646017699115044,-1.0)
(0.40298507462686567,-1.0)
(0.07894736842105263,-1.0)
(0.0,-1.0)
(-0.4166666666666667,-1.0)
(-1.0,-1.0)
(-0.14285714285714285,1.0)
(-0.4046511627906977,-1.0)
(-1.0,-1.0)
(-0.4046511627906977,1.0)
(-0.9646017699115044,-1.0)
(-1.0,1.0)
(0.07894736842105263,-1.0)
(-0.4046511627906977,-1.0)
(-0.8596491228070176,-1.0)
(-1.0,-1.0)
(-0.9646017699115044,-1.0)
(0.07894736842105263,1.0)
(0.07894736842105263,1.0)
(-0.9646017699115044,-1.0)
(0.5,-1.0)
(-0.9646017699115044,-1.0)
(0.40298507462686567,1.0)
(-0.4046511627906977,1.0)
(-0.9646017699115044,-1.0)
(0.40298507462686567,1.0)
(-0.9646017699115044,-1.0)
(-0.9646017699115044,-1.0)
(-0.4046511627906977,-1.0)
(0.07894736842105263,-1.0)
(-0.9646017699115044,-1.0)
(-0.8596491228070176,-1.0)
(0.07894736842105263,1.0)
(0.07894736842105263,-1.0)
(-0.9646017699115044,-1.0)
(-0.9646017699115044,-1.0)
(-0.9646017699115044,-1.0)
(-0.9646017699115044,-1.0)
(0.40298507462686567,-1.0)
(-0.9646017699115044,-1.0)
(-0.9646017699115044,-1.0)
(-0.9646017699115044,-1.0)
(-1.0,-1.0)
(-0.8596491228070176,-1.0)
(-0.9646017699115044,-1.0)
(-0.9646017699115044,-1.0)
(-0.4046511627906977,-1.0)
(-0.4046511627906977,1.0)
(0.07894736842105263,1.0)
(-1.0,-1.0)
(-0.9646017699115044,-1.0)
(0.8867924528301887,1.0)
(-0.9646017699115044,-1.0)
(-0.9646017699115044,-1.0)
(-0.9646017699115044,-1.0)
(-0.9646017699115044,-1.0)
(-0.9646017699115044,-1.0)
(-1.0,-1.0)
(-0.8596491228070176,-1.0)
(-0.9646017699115044,-1.0)
(1.0,1.0)
(-0.9646017699115044,-1.0)
(0.40298507462686567,-1.0)
(-1.0,1.0)
(-0.9646017699115044,-1.0)
(-0.9646017699115044,-1.0)
(-0.9646017699115044,-1.0)
(-0.4046511627906977,-1.0)
(-0.9646017699115044,-1.0)
(-1.0,-1.0)
(-0.9646017699115044,-1.0)
(-0.8596491228070176,-1.0)
(-1.0,1.0)
(-0.4046511627906977,-1.0)
(-0.9646017699115044,-1.0)
(-0.4046511627906977,1.0)
(0.40298507462686567,1.0)
(-0.9646017699115044,-1.0)
(0.40298507462686567,-1.0)
(-1.0,-1.0)
(-1.0,-1.0)
(-0.9646017699115044,-1.0)
(-0.9646017699115044,-1.0)
(0.8867924528301887,1.0)
(1.0,1.0)
(-1.0,-1.0)
(-0.9646017699115044,-1.0)
(-0.9646017699115044,-1.0)
(-0.4046511627906977,1.0)
(-0.8596491228070176,-1.0)
(-0.9646017699115044,-1.0)
(0.40298507462686567,-1.0)
(-0.9646017699115044,-1.0)
(-0.9646017699115044,-1.0)
(-0.9646017699115044,-1.0)
(0.07894736842105263,1.0)
(0.07894736842105263,1.0)
(-0.4046511627906977,-1.0)
(-0.9646017699115044,-1.0)
(-0.4046511627906977,1.0)
(-0.9646017699115044,-1.0)
(-0.9646017699115044,-1.0)
(-0.9646017699115044,-1.0)
(-0.9646017699115044,-1.0)
(0.07894736842105263,-1.0)
(-0.9646017699115044,-1.0)
(-0.4046511627906977,1.0)
(-0.9646017699115044,-1.0)
(-0.9646017699115044,-1.0)
(0.2972972972972973,-1.0)
(-0.9646017699115044,-1.0)
(-0.9646017699115044,-1.0)
(-0.9646017699115044,-1.0)
(-0.9646017699115044,-1.0)
(-0.9646017699115044,-1.0)
(-0.9646017699115044,-1.0)
(-0.9646017699115044,-1.0)
(0.07894736842105263,1.0)
(0.8867924528301887,1.0)
(-0.9646017699115044,-1.0)
(-0.9646017699115044,-1.0)
(-0.4046511627906977,1.0)
(-0.4046511627906977,-1.0)
(-0.4046511627906977,-1.0)
(-0.9646017699115044,-1.0)
(-1.0,-1.0)
(0.40298507462686567,1.0)
(0.8867924528301887,1.0)
(0.8867924528301887,-1.0)
(-0.4046511627906977,-1.0)
(-0.9646017699115044,-1.0)
(-0.9646017699115044,-1.0)
(0.40298507462686567,-1.0)
(-0.9646017699115044,-1.0)
(1.0,1.0)
(-0.4046511627906977,-1.0)
(-0.9646017699115044,-1.0)
(-0.9646017699115044,-1.0)
(-0.9646017699115044,-1.0)
(-0.4046511627906977,-1.0)
(-0.9646017699115044,-1.0)
(-0.9646017699115044,-1.0)
(-0.9646017699115044,-1.0)
(-0.8596491228070176,-1.0)
(0.8867924528301887,1.0)
(0.40298507462686567,-1.0)
(-0.9646017699115044,-1.0)
(-0.9646017699115044,1.0)
(-0.4046511627906977,-1.0)
(-0.4046511627906977,1.0)
(-0.4166666666666667,-1.0)
(-0.9646017699115044,-1.0)
(-0.9646017699115044,-1.0)
(-0.4046511627906977,-1.0)
(-0.9646017699115044,-1.0)
(-0.9646017699115044,-1.0)
(-0.14285714285714285,1.0)
(0.8867924528301887,-1.0)
(-0.4046511627906977,-1.0)
(-0.9646017699115044,-1.0)
(-0.4046511627906977,-1.0)
(1.0,1.0)
(-0.9646017699115044,-1.0)
(-0.9646017699115044,-1.0)
(-0.4046511627906977,1.0)
(-0.9646017699115044,-1.0)
(-1.0,1.0)
(-0.4046511627906977,1.0)
(-0.9646017699115044,-1.0)
(0.40298507462686567,-1.0)
(0.07894736842105263,1.0)
(-0.4046511627906977,-1.0)
(0.8867924528301887,1.0)
(-0.9646017699115044,-1.0)
(-0.9646017699115044,-1.0)
(-0.4166666666666667,1.0)
(-1.0,-1.0)
(-0.9646017699115044,-1.0)
(0.07894736842105263,-1.0)
(0.5,1.0)
(-0.9646017699115044,-1.0)
(-0.8596491228070176,-1.0)
(0.8867924528301887,1.0)
(-0.4046511627906977,-1.0)
(-0.9646017699115044,-1.0)
(-0.8596491228070176,-1.0)
